86643514 86643521
86643514 86813445
86643521 86643527
86643521 86643514
86643521 86926872
86643527 86643551
86643527 86643521
86643527 86859561
86643551 86843771
86643551 86643527
86643551 86883075
86644523 86644536
86644536 86644523
86644536 86781405
86644536 86999272
86644536 86843701
86644536 86990404
86660768 86660778
86660768 86799342
86660768 86681427
86660778 86660768
86670443 86800238
86670457 86974017
86681427 86660768
86691615 86691640
86691615 86805367
86691615 86805358
86691640 86691615
86723591 86723592
86723591 86859236
86723591 86859230
86723592 86723591
86723592 86988030
86723592 86859230
86732438 86732453
86732438 86776423
86732438 86903863
86732453 86732438
86746551 86746556
86746556 86746551
86746556 86830234
86746556 87019475
86756644 86888242
86772349 86853651
86772349 86772353
86772349 86805300
86772353 86772349
86772353 86805315
86772353 86805300
86776423 86776432
86776423 86984579
86776423 86732438
86776432 86776423
86777603 86833742
86777603 86777606
86777603 86777680
86777606 86777692
86777606 86777692
86777606 86777603
86777680 86777692
86777680 86777603
86777680 86813556
86777692 86777680
86777692 86777606
86777692 86777606
86777692 87041637
86779286 86779288
86779286 86888185
86779286 86888137
86779288 86779286
86779347 86967197
86779347 86859485
86779347 86858413
86780398 86780459
86780398 86843729
86780398 86843771
86780459 86780398
86780943 86780948
86780943 86811264
86780943 86883034
86780948 86988529
86780948 86988529
86780948 86780943
86781392 86781405
86781392 86990410
86781392 86990404
86781405 86781392
86781405 86644536
86781405 86990420
86781537 86781538
86781537 86799181
86781537 86888108
86781537 86799347
86781538 86781537
86781541 86781561
86781541 86781561
86781541 86817685
86781561 86781541
86781561 86781541
86781561 86788591
86785824 86785838
86785824 86870388
86785824 86883192
86785838 86785824
86787096 86826085
86787096 86830275
86787096 86787134
86787134 87033995
86787134 86787155
86787134 86787096
86787155 86988172
86787155 86787160
86787155 86787134
86787160 86787162
86787160 86990106
86787160 86787155
86787162 86787164
86787162 86787160
86787162 86990106
86787164 86787162
86787164 86990152
86787164 86787168
86787168 86787164
86787168 86883214
86787168 86870388
86788591 86788597
86788591 86801531
86788591 86817724
86788591 86781561
86788597 86788591
86790057 86790068
86790057 86817685
86790057 2608949254
86790057 86799342
86790068 86790083
86790068 86790083
86790068 86790057
86790083 86790068
86790083 86790068
86790083 86883452
86790318 86790330
86790318 86993989
86790318 86830275
86790330 86790318
86790330 86799824
86790330 86919865
86791241 86791287
86791241 86883075
86791241 86811250
86791287 86791293
86791287 86791241
86791287 86811250
86791287 86811280
86791293 86791287
86791293 86811250
86791293 86811264
86797869 86797877
86797877 86797869
86797877 86994512
86797877 86994503
86798981 86798990
86798981 86843699
86798981 86811427
86798990 86798981
86798990 86811385
86798990 86811427
86798990 86879732
86799181 86781537
86799342 86866656
86799342 86660768
86799342 86790057
86799347 2607805398
86799347 86781537
86799347 86888074
86799824 86799830
86799824 86790330
86799824 86993989
86799830 86799824
86800238 86670443
86800238 2608949267
86800238 86817628
86800242 2608949267
86800242 86817764
86800242 86817743
86800407 86800409
86800407 86888130
86800407 86815882
86800409 86800407
86801531 86788591
86805300 86772353
86805300 86853673
86805300 86772349
86805315 86805320
86805315 86772353
86805315 86853333
86805320 86805329
86805320 86805315
86805320 86853333
86805329 86805358
86805329 86805320
86805329 86863548
86805358 86691615
86805358 86805329
86805358 86863626
86805367 86691615
86806900 86806908
86806908 86806900
86806908 86817781
86806908 86817770
86811250 86791287
86811250 86791241
86811250 86791293
86811264 86811266
86811264 86791293
86811264 86780943
86811266 86811264
86811280 86791287
86811385 86798990
86811427 86798990
86811427 86798981
86811427 86879742
86811669 86811671
86811669 86817764
86811669 86929854
86811669 86929854
86811671 86811669
86813202 86813204
86813204 86813202
86813204 86945397
86813204 86813228
86813204 86994512
86813228 86813204
86813228 86945438
86813228 86945397
86813406 86813419
86813406 86813445
86813406 86885581
86813419 86813425
86813419 86813406
86813419 86813445
86813425 86813419
86813445 86813419
86813445 86643514
86813445 86813406
86813556 86813558
86813556 86777680
86813556 86870416
86813558 86813560
86813558 86813556
86813558 86833742
86813560 86813558
86815368 86815412
86815368 86830234
86815368 87030645
86815412 86815368
86815882 86815884
86815882 86800407
86815882 86888185
86815884 86815882
86817626 86817628
86817628 2608949254
86817628 86817626
86817628 86974017
86817685 86781541
86817685 86790057
86817685 86875289
86817724 86817729
86817724 86788591
86817724 87036640
86817729 86817743
86817729 86817724
86817729 86921974
86817743 86800242
86817743 86817729
86817743 86906301
86817764 86811669
86817764 86817770
86817764 86800242
86817770 86806908
86817770 86817764
86817770 86887920
86817781 86817792
86817781 86806908
86817781 86952611
86817792 86952611
86817792 86817810
86817792 86817781
86817792 86887920
86817810 86817792
86817810 86888242
86817810 86888185
86822601 86924865
86822601 86841470
86826085 86787096
86826085 86841489
86830234 86830260
86830234 86746556
86830234 86815368
86830234 2608949265
86830260 86830275
86830260 86830234
86830260 87030645
86830275 86787096
86830275 86830260
86830275 86790318
86833742 86777603
86833742 86813558
86833742 2607812984
86840365 86883186
86840365 86840389
86840365 86883192
86840389 86840365
86841470 86822601
86841470 86841489
86841470 86883214
86841489 87033995
86841489 86826085
86841489 86841470
86843699 86843701
86843699 86798981
86843701 86843699
86843701 86644536
86843701 86843724
86843724 86878558
86843724 86843701
86843724 86843729
86843729 86879737
86843729 86843724
86843729 86780398
86843771 86643551
86843771 86883112
86843771 86780398
86853156 86868081
86853156 86853176
86853156 86853693
86853176 86853156
86853176 86883139
86853176 86863727
86853333 86805315
86853333 86805320
86853333 86924263
86853618 86853627
86853618 86883160
86853618 86853837
86853627 86853634
86853627 86853618
86853627 86853837
86853634 86853636
86853634 86853636
86853634 86853627
86853634 86915264
86853636 86853634
86853636 86853634
86853636 86915264
86853636 86853644
86853644 86853651
86853644 86853636
86853644 86924263
86853651 86772349
86853651 86853644
86853651 87034021
86853673 86853693
86853673 86805300
86853673 86878558
86853693 86853699
86853693 86853673
86853693 86853156
86853699 86883144
86853699 86853693
86853699 86883139
86853837 86853627
86853837 86853618
86853837 86883144
86858405 86858413
86858405 86859485
86858405 86859469
86858413 86858465
86858413 86858405
86858413 86779347
86858413 86903883
86858425 86903888
86858425 86858448
86858425 86992026
86858448 86858465
86858448 86858425
86858448 86904016
86858448 86903888
86858465 86858413
86858465 86858448
86858465 86904027
86859197 86859222
86859197 86883192
86859197 86994591
86859197 87057072
86859222 86859226
86859222 86859197
86859222 87033471
86859226 86859230
86859226 86859222
86859226 86885477
86859230 86723591
86859230 86859226
86859230 86988119
86859230 86723592
86859236 86723591
86859236 86988021
86859236 86988131
86859452 86859459
86859452 86859508
86859452 86883139
86859459 86859465
86859459 86859452
86859459 86972814
86859465 86859469
86859465 86859459
86859465 86988295
86859469 86858405
86859469 86859465
86859469 86972814
86859485 86967197
86859485 86858405
86859485 86779347
86859498 86859506
86859498 86859561
86859498 86859540
86859506 86859508
86859506 86859540
86859506 86859498
86859508 86859506
86859508 86859452
86859508 86863710
86859540 86859506
86859540 86859498
86859540 86863727
86859561 86643527
86859561 86859498
86859561 86903863
86859574 86859582
86859574 86883186
86859574 86904069
86859582 86859574
86863548 86863614
86863548 86805329
86863548 86976559
86863614 86863548
86863626 86805358
86863710 86859508
86863710 86903872
86863710 86903863
86863727 86859540
86863727 86921770
86863727 86853176
86863727 86883112
86866656 86799342
86866656 86866685
86866656 86887905
86866685 86866692
86866685 86866656
86866685 86866700
86866692 86866685
86866700 86866685
86868081 86853156
86868081 86868100
86868081 86993981
86868081 86921737
86868100 86868081
86870388 86870416
86870388 86988172
86870388 86787168
86870388 86785824
86870416 86870479
86870416 86870388
86870416 86813556
86870479 86870416
86875289 86817685
86878558 86853673
86878558 86843724
86878558 87034367
86879732 86798990
86879737 86879742
86879737 86843729
86879737 2607789465
86879742 86811427
86879742 86879737
86879742 86879793
86879793 86879742
86883029 86883034
86883029 86937521
86883034 86780943
86883034 86883029
86883034 87064816
86883075 86643551
86883075 86791241
86883075 86988529
86883112 86843771
86883112 86950480
86883112 86863727
86883139 86859452
86883139 86853699
86883139 86853176
86883144 86853699
86883144 86949636
86883144 86853837
86883160 86915257
86883160 86883186
86883160 86853618
86883186 86840365
86883186 86859574
86883186 86883160
86883192 86859197
86883192 86785824
86883192 86840365
86883214 86990152
86883214 86841470
86883214 86787168
86883452 86790083
86885477 86885481
86885477 86859226
86885477 86885551
86885481 86885477
86885481 86885498
86885481 87062786
86885498 86885510
86885498 86885481
86885498 87030045
86885510 86885551
86885510 86885498
86885510 87066366
86885551 86885558
86885551 86885510
86885551 86885477
86885558 86885561
86885558 86885551
86885558 87033471
86885561 86885581
86885561 86885558
86885561 87033471
86885581 86885561
86885581 86813406
86885581 86994579
86887889 86888034
86887889 86887908
86887889 86887905
86887905 86888034
86887905 86866656
86887905 86887889
86887908 86888074
86887908 86888034
86887908 86887889
86887920 86817792
86887920 86817770
86887920 2607805413
86888034 86887908
86888034 86887905
86888034 86887889
86888074 86799347
86888074 86887908
86888074 87010166
86888108 86966193
86888108 86888130
86888108 86781537
86888130 86888137
86888130 86888108
86888130 86800407
86888137 86779286
86888137 86888130
86888137 87042856
86888185 86817810
86888185 86779286
86888185 86815882
86888242 86817810
86888242 86800238
86888242 86756644
86903863 86863710
86903863 86732438
86903863 86859561
86903872 86903875
86903872 86903875
86903872 86863710
86903875 86903883
86903875 86903872
86903875 86903872
86903883 86903888
86903883 86903875
86903883 86858413
86903888 86858425
86903888 86903883
86903888 86858448
86904016 86904027
86904016 86858448
86904016 86985983
86904027 86904047
86904027 86904016
86904027 86858465
86904047 86904069
86904047 86904027
86904047 86967197
86904069 86859574
86904069 86904047
86904069 87030156
86906301 86906302
86906301 86929854
86906301 86817743
86906302 86906301
86915257 86915264
86915257 86883160
86915257 86924263
86915264 86853636
86915264 86853634
86915264 86915257
86919865 86790330
86921737 86921770
86921737 86921770
86921737 86868081
86921770 86921737
86921770 86921737
86921770 86863727
86921974 86817729
86924263 86853333
86924263 86853644
86924263 86915257
86924865 86924883
86924865 86945397
86924865 86822601
86924883 86924865
86926872 86926874
86926872 86643521
86926872 87044791
86926874 86926872
86929854 86996783
86929854 86811669
86929854 86811669
86929854 86906301
86937521 86883029
86945397 86813204
86945397 86813228
86945397 86924865
86945438 86945444
86945438 86813228
86945444 86945438
86945444 87024348
86949636 86883144
86949636 86972855
86949636 86972814
86950480 86883112
86952608 86952609
86952609 86952611
86952609 86952608
86952609 86952612
86952611 86952609
86952611 86817792
86952611 86817781
86952612 86952609
86966193 86888108
86967197 86779347
86967197 86904047
86967197 86859485
86972814 86949636
86972814 86859459
86972814 86859469
86972855 86949636
86974017 2608949265
86974017 86670457
86974017 86830234
86976559 86863548
86984523 86992026
86984562 86984579
86984579 86984562
86984579 86992026
86984579 86776423
86985983 86904016
86988001 86988003
86988003 86988001
86988003 86988018
86988003 86988119
86988018 86988021
86988018 86988003
86988018 86988119
86988021 86859236
86988021 86988018
86988021 86988167
86988030 86723592
86988030 86988131
86988030 86988059
86988059 86988061
86988059 86988030
86988059 86988075
86988061 86988068
86988061 86988059
86988061 86988164
86988068 86988075
86988068 86988061
86988068 86988106
86988075 86988059
86988075 86988068
86988075 86988178
86988106 86988167
86988106 86988068
86988106 86988178
86988119 86988018
86988119 86988003
86988119 86859230
86988131 86988030
86988131 86988164
86988131 86859236
86988164 86988131
86988164 86988167
86988164 86988061
86988167 86988164
86988167 86988106
86988167 86988021
86988172 86988178
86988172 86870388
86988172 86787155
86988178 86988106
86988178 86988172
86988178 86988075
86988295 86859465
86988529 86780948
86988529 86780948
86988529 86883075
86990106 86990137
86990106 86787162
86990106 86787160
86990137 86990106
86990137 86990152
86990137 87033995
86990152 86883214
86990152 86990137
86990152 86787164
86990404 87015655
86990404 87072578
86990404 86781392
86990404 86644536
86990410 86990420
86990410 86781392
86990410 86994363
86990420 86781405
86990420 86990410
86990420 87034371
86992026 86984523
86992026 86858425
86992026 86984579
86993981 86868081
86993989 86799824
86993989 87019427
86993989 86790318
86994321 86994363
86994321 86994363
86994321 87040427
86994363 86994321
86994363 86994321
86994363 86990410
86994503 86797877
86994512 86994529
86994512 86797877
86994512 86813204
86994529 86994512
86994579 86994590
86994579 86885581
86994579 87030169
86994590 86994591
86994590 87057096
86994590 86994579
86994591 86994590
86994591 86859197
86994591 87057072
86996783 86929854
86999272 86644536
87010166 86888074
87015655 86990404
87019427 87019475
87019427 86993989
87019427 87066894
87019475 86746556
87019475 87019427
87019475 87050440
87024348 86945444
87030045 86885498
87030156 87030169
87030156 86904069
87030156 87057072
87030169 86994579
87030169 87030156
87030169 87057072
87030643 87030645
87030645 87030643
87030645 86815368
87030645 86830260
87033471 86859222
87033471 86885558
87033471 86885561
87033995 86841489
87033995 86787134
87033995 86990137
87034021 86853651
87034367 86878558
87034371 86990420
87036640 86817724
87040427 86994321
87041637 86777692
87042856 86888137
87044791 86926872
87050440 87019475
87057072 87030156
87057072 86994591
87057072 86859197
87057072 87030169
87057096 86994590
87062786 86885481
87064816 86883034
87066366 86885510
87066894 87019427
87072578 86990404
2607789465 86879737
2607805382 2607805398
2607805382 2607805398
2607805398 86799347
2607805398 2607805382
2607805398 2607805382
2607805413 2607805416
2607805413 86887920
2607805413 2607805422
2607805416 2607805413
2607805422 2607805413
2607812984 86833742
2608949254 86817628
2608949254 86790057
2608949254 2608949267
2608949265 86974017
2608949265 2608949254
2608949267 86800238
2608949267 86800242
2608949267 86888242
