17
21
7
16
14
53
189
7
1
3
9
10
39
10
9
21
18
7
14
189
112
66
110
16
7
39
9
10
52
65
9
10
1
3
4
28
9
28
4
9
1
1
1
2
23
1
6
1
1
2
23
1
57
5
2
1
4
3
3
57
1
5
1
3
4
2
3
21
2
14
30
16
20
31
2
18
14
31
16
14
8
15
28
19
9
74
18
24
18
19
74
18
1
2
1
23
2
19
136
49
73
101
83
53
80
4
83
100
137
19
49
72
55
4
1
2
123
4
3
2
2
2
3
1
3
30
4
2
6
4
123
4
1
2
2
2
2
2
1
3
7
1
104
3
2
7
30
4
2
1
5
104
8
1
1
1
1
1
1
1
1
1
1
1
2
2
1
1
1
78
2
1
5
1
2
40
3
8
2
78
1
2
1
5
1
2
37
3
8
2
2
2
5
1
2
1
4
2
2
5
1
2
1
4
3
3
2
45
29
44
2
2
12
3
90
18
11
10
3
3
10
49
92
3
4
9
4
11
18
2
12
3
3
12
50
11
6
6
29
4
9
4
2
203
61
2
1
206
2
2
60
1
3
3
13
3
4
2
3
13
1
1
42
6
163
7
7
163
11
8
5
19
21
11
165
165
43
5
8
6
2
2
4
1
9
3
7
92
7
3
4
3
3
3
2
2
2
3
3
2
4
18
9
11
3
3
3
2
4
18
4
2
2
3
2
3
93
3
10
1
2
10
2
11
12
182
98
8
7
61
64
121
125
20
38
72
133
32
57
102
112
57
20
38
15
20
28
54
125
121
20
37
72
134
31
111
20
38
15
20
29
54
24
23
103
2
5
18
147
12
5
2
189
12
147
87
32
110
24
21
51
11
87
191
51
21
32
19
109
24
18
11
20
217
2
2
1
1
1
2
1
97
4
23
8
33
67
97
1
4
8
10
5
3
102
6
1
10
6
2
1
5
26
2
216
2
102
5
11
7
1
6
26
1
23
1
11
33
1
7
68
2
1
232
12
12
87
80
64
146
92
87
80
64
147
5
78
20
98
47
38
5
16
77
20
16
12
231
92
126
126
98
46
12
38
25
3
8
6
19
19
25
3
8
3
4
6
3
9
3
5
6
6
3
9
3
6
6
22
13
4
10
28
8
33
11
4
6
12
22
8
6
2
7
27
2
6
33
15
86
150
89
108
9
55
29
57
95
55
29
55
54
41
52
89
149
70
18
59
12
30
38
33
28
15
38
44
206
153
2
83
41
86
19
47
66
19
19
14
13
70
47
62
33
72
108
1
19
6
37
35
131
9
6
5
10
48
4
2
54
35
54
8
3
18
13
18
30
7
1
59
4
19
12
47
2
6
37
35
58
10
131
29
40
4
9
6
18
5
4
38
95
10
48
18
41
33
4
4
28
15
4
15
2
14
2
55
16
38
54
44
9
10
206
2
152
2
62
75
35
10
85
41
7
86
54
41
19
52
5
47
7
5
55
4
7
33
66
10
19
8
3
86
15
14
7
72
19
18
7
14
13
75
13
2
30
133
148
149
133
81
78
79
82
4
1
1
1
4
1
1
1
4
73
3
19
19
7
5
5
7
18
4
19
74
4
3
4
34
1
37
10
10
37
53
1
33
1
1
1
32
1
4
188
109
1
32
54
1
2
1
1
1
2
2
1
187
40
40
185
160
134
43
162
135
46
38
4
11
26
18
11
4
60
59
37
18
26
5
95
10
7
4
6
2
1
1
7
78
32
10
9
41
35
22
22
31
19
31
13
2
6
94
5
7
4
6
2
1
1
7
78
10
9
41
21
30
13
2
6
8
1
9
5
1
21
5
37
5
5
6
9
8
5
5
4
8
1
32
9
5
1
21
5
35
22
38
21
5
5
32
10
6
9
8
5
5
4
97
4
13
4
97
37
37
15
3
3
63
66
25
26
65
17
23
64
17
23
115
80
65
10
104
50
52
49
81
23
35
43
41
77
38
237
37
65
102
23
41
77
38
38
11
50
41
144
89
61
159
5
58
58
10
9
30
4
5
27
171
101
144
111
90
38
94
65
13
48
50
7
5
13
55
36
152
21
60
73
138
22
78
15
28
11
47
20
41
28
144
10
35
19
27
156
5
30
19
29
31
88
63
157
18
239
50
49
81
233
18
5
29
238
88
59
58
9
10
28
4
52
27
5
28
171
33
103
158
146
107
90
5
32
39
19
94
65
14
49
47
7
5
13
54
36
153
80
115
52
43
52
21
29
60
88
33
73
137
23
78
31
15
27
2
21
4
3
1
1
1
2
5
1
19
3
1
2
1
1
2
4
2
4
1
1
1
1
1
2
3
2
2
2
2
2
22
2
2
1
3
3
2
1
1
1
1
2
21
2
1
1
2
2
2
2
2
2
1
1
3
3
2
2
2
3
2
2
2
2
2
1
2
1
2
1
1
1
1
2
3
1
2
1
2
2
2
2
15
1
2
8
1
2
2
1
3
1
1
2
8
1
1
1
15
1
2
1
2
2
1
1
2
2
7
2
3
2
2
1
9
7
3
2
8
1
8
7
4
29
9
30
13
29
4
1
8
3
1
8
2
36
2
2
64
1
8
38
1
3
42
9
46
1
8
1
38
30
13
63
1
42
46
1
43
103
1
1
1
1
42
103
2
36
1
2
1
2
1
1
6
5
6
1
5
3
144
2
1
6
7
5
20
3
7
144
20
2
5
5
4
39
5
40
6
43
12
2
10
23
12
42
10
24
26
2
27
4
3
3
4
3
3
3
4
3
3
10
2
10
2
3
4
7
4
10
2
3
2
2
2
3
3
2
11
3
3
4
2
5
2
1
4
7
23
2
2
1
3
3
4
6
23
4
20
2
2
20
15
11
10
15
11
23
1
1
83
81
1
1
1
2
22
18
41
82
12
32
9
38
13
7
9
2
40
18
6
22
12
9
7
17
83
2
8
7
3
4
5
6
4
5
3
5
3
6
8
22
5
3
12
12
32
7
5
3
5
3
4
4
9
9
40
8
4
12
7
6
17
5
8
3
2
2
3
69
24
68
25
121
1
1
120
3
1
2
1
1
3
1
2
1
1
33
6
4
30
34
31
4
2
2
3
8
1
2
8
4
2
3
2
1
2
3
2
2
4
2
5
33
5
33
68
83
68
4
33
33
4
13
37
13
19
37
19
7
7
2
2
1
1
3
1
3
1
3
74
73
1
1
2
13
2
34
2
2
6
34
5
8
2
1
1
4
6
1
7
1
2
3
3
2
2
2
2
2
2
3
2
2
2
2
2
7
2
2
2
5
2
1
1
2
1
2
2
2
3
3
15
3
2
3
1
6
4
2
5
3
2
2
2
2
3
2
2
2
1
2
2
5
2
2
2
3
2
4
3
3
3
3
3
4
2
3
2
4
2
1
2
2
1
2
3
2
2
16
2
3
3
2
1
2
2
12
3
1
1
3
2
3
1
3
5
1
1
1
2
2
3
2
1
2
1
2
2
2
1
4
2
2
1
3
4
1
2
2
2
47
8
6
3
47
141
6
3
139
19
18
7
21
19
8
18
12
7
21
12
6
31
45
19
30
45
22
44
230
12
78
22
43
227
19
12
78
1
8
1
1
1
2
1
1
1
1
1
1
1
10
1
1
2
1
1
1
1
1
1
1
1
1
1
1
1
1
1
4
2
4
2
1
1
3
4
1
1
2
2
2
6
20
22
1
10
1
1
3
2
20
3
1
3
4
2
1
1
22
2
2
2
3
2
3
2
10
6
26
26
1
1
1
1
1
1
1
1
17
4
5
4
4
5
1
4
67
1
4
17
4
68
2
1
1
3
4
3
1
3
1
4
3
1
1
2
8
2
1
1
2
3
8
2
1
3
1
1
10
44
21
4
28
8
3
4
4
6
5
10
45
20
4
28
8
3
4
4
6
5
3
12
7
3
12
7
2
1
5
1
3
5
6
6
3
11
8
4
3
4
3
6
2
3
7
11
3
1
6
2
5
2
4
5
1
1
1
1
1
1
1
1
1
2
12
57
25
12
2
58
7
21
7
5
5
25
19
3
3
2
1
2
2
1
1
2
1
1
2
1
8
9
12
12
3
5
37
8
13
9
5
37
6
6
13
9
4
8
11
9
47
4
10
14
20
6
13
4
130
9
16
17
14
4
8
3
47
135
39
4
10
5
1
14
20
6
13
70
4
12
32
130
39
134
69
31
9
16
1
5
17
14
6
102
2
3
4
19
1
1
1
4
48
1
12
1
1
1
1
1
103
6
19
1
1
2
1
1
1
1
1
1
5
19
3
15
1
12
1
15
1
2
1
2
1
1
4
1
1
1
2
1
1
1
1
49
4
1
4
1
5
2
2
1
1
1
1
2
1
1
18
5
1
1
2
2
2
3
2
2
5
3
8
1
2
2
2
2
3
2
5
8
3
3
3
1
3
3
5
4
7
4
6
5
4
5
9
4
2
5
5
2
2
7
2
4
6
3
20
1
20
3
1
2
2
2
8
1
2
8
1
2
1
1
1
1
1
2
2
2
2
3
2
1
2
3
1
5
1
1
1
1
8
1
1
1
1
1
2
2
4
4
1
1
1
1
1
2
1
2
2
2
3
1
1
8
2
1
2
1
2
3
1
5
1
25
59
62
25
59
61
68
66
6
14
72
6
1
6
1
1
1
1
14
72
6
1
3
89
6
87
16
48
57
40
1
2
1
8
40
1
3
1
41
1
118
2
2
1
81
2
152
146
18
3
3
3
41
2
6
2
1
3
1
1
48
116
153
1
1
7
3
3
3
2
3
2
57
3
4
1
1
1
80
4
2
147
4
4
4
7
5
7
8
7
3
2
4
2
38
6
20
1
3
3
1
1
1
2
3
3
4
7
1
85
56
1
121
2
41
18
12
2
37
5
61
20
1
2
3
1
1
1
2
3
2
1
3
4
8
1
86
55
1
122
1
2
41
18
12
2
4
5
6
7
2
1
16
1
2
8
1
16
1
4
2
1
7
3
1
1
5
2
3
120
25
5
5
6
26
1
11
29
13
4
25
6
4
3
2
5
26
9
32
13
1
5
30
9
8
2
11
4
5
26
32
11
4
9
10
119
1
1
5
8
2
5
4
1
5
5
4
4
9
26
1
20
1
1
1
16
1
5
5
8
8
9
1
23
91
29
1
26
56
3
3
89
45
29
1
6
5
2
8
122
31
42
8
6
8
26
37
5
17
3
6
18
20
10
8
47
60
26
50
6
29
10
16
20
12
57
19
18
56
94
1
2
4
10
20
12
72
10
11
6
20
6
20
11
56
2
9
3
41
8
6
26
20
46
4
72
10
11
6
19
56
32
2
16
168
17
2
4
1
19
4
2
9
4
168
5
35
9
16
1
27
43
3
13
30
2
5
23
40
3
19
19
1
5
17
12
39
13
2
23
104
91
29
6
4
11
5
32
2
33
30
11
2
4
37
3
2
16
1
91
6
10
10
33
169
1
23
1
3
5
10
8
1
2
2
2
11
2
3
3
12
10
11
9
2
1
1
6
3
3
20
50
47
12
1
1
7
2
3
3
7
5
2
10
7
3
11
21
22
15
6
10
17
5
7
14
1
3
31
9
5
30
1
6
4
1
18
15
1
2
3
17
5
13
3
9
2
10
11
4
1
1
8
9
2
1
18
10
1
5
6
63
8
4
4
3
3
20
2
51
33
49
9
4
1
126
169
11
5
35
1
10
3
22
9
8
36
1
14
3
5
11
14
5
1
9
11
11
7
1
6
23
6
4
51
7
2
3
12
5
31
29
18
5
62
51
54
48
29
35
11
17
11
3
2
54
1
6
18
26
43
5
7
3
2
13
18
33
8
18
11
18
5
8
30
2
10
7
3
1
5
2
6
11
23
24
39
49
36
22
3
34
21
20
19
14
1
2
3
1
8
4
2
2
3
1
4
3
2
17
6
57
12
12
1
5
3
5
3
1
1
3
4
5
91
5
16
1
10
6
3
2
10
37
5
4
14
28
17
17
5
7
6
39
18
19
13
18
1
3
29
3
32
55
13
6
3
2
4
5
22
90
104
9
5
29
1
6
90
6
28
1
6
8
4
1
37
5
8
21
4
4
10
18
16
3
1
2
11
5
12
28
2
2
54
51
96
11
8
57
25
25
24
96
23
30
15
29
16
9
7
8
11
30
53
14
47
7
6
30
35
15
8
23
76
25
8
17
6
14
4
38
57
9
4
7
38
47
76
4
57
4
9
1
1
1
1
67
4
3
4
17
36
5
46
7
9
9
19
16
8
72
16
36
12
5
4
31
46
4
4
6
4
2
2
4
11
2
4
1
2
3
3
2
5
4
7
3
2
3
3
7
1
3
3
1
7
9
9
2
3
2
6
3
5
13
5
5
5
4
4
4
13
5
2
3
5
2
2
1
1
1
11
9
1
5
2
3
1
1
1
3
11
13
6
4
1
3
5
6
2
1
1
1
1
3
1
2
1
8
7
51
1
2
3
18
6
4
1
18
2
4
19
5
1
6
18
1
1
1
3
2
3
1
1
1
7
8
1
4
1
26
1
1
3
2
1
6
2
3
2
2
8
9
2
4
3
7
3
1
5
2
9
12
19
6
2
7
2
7
5
1
7
5
7
3
1
1
2
5
4
6
1
3
2
7
1
8
1
1
1
1
1
1
1
7
8
3
8
2
3
2
10
2
5
1
1
1
2
4
2
1
1
3
1
2
4
4
2
4
3
4
1
2
4
3
3
3
1
1
18
3
26
3
2
1
8
1
1
8
1
1
1
5
1
1
1
1
7
1
1
51
1
1
2
2
12
5
2
1
9
4
23
4
4
4
5
4
32
23
4
5
4
32
12
1
1
12
25
2
1
6
14
11
1
1
7
1
1
21
1
5
1
75
9
1
7
23
45
3
12
4
6
7
39
1
13
25
44
2
39
12
19
17
12
15
22
24
9
9
9
20
5
1
24
22
1
9
1
7
6
4
5
9
1
19
9
17
1
7
11
15
1
1
9
19
6
1
16
1
1
7
10
22
6
7
18
7
4
74
25
13
1
10
4
4
9
9
7
3
2
9
9
6
13
9
4
23
10
8
3
21
5
1
1
1
7
23
7
5
4
4
3
12
1
1
1
4
6
2
3
1
1
6
5
1
1
2
4
6
1
4
4
1
3
1
1
12
2
4
1
2
1
4
6
2
2
2
2
1
2
1
5
2
23
1
5
1
1
1
4
4
2
1
1
2
1
2
1
2
1
1
1
2
1
1
1
2
1
2
1
1
1
2
2
1
2
1
1
1
29
1
2
1
27
2
2
9
12
7
14
20
4
5
14
3
5
48
5
12
6
13
7
14
5
2
9
14
3
48
5
13
3
10
3
7
7
4
9
26
4
26
3
17
3
10
20
3
7
8
6
4
4
9
25
4
5
26
3
17
3
2
1
4
2
5
3
1
5
1
1
2
1
4
1
1
1
1
3
1
1
2
2
3
1
3
1
1
2
2
2
2
1
1
1
3
3
1
2
2
1
1
1
1
1
4
1
1
1
2
1
1
1
3
3
1
2
1
1
1
1
1
1
4
1
2
3
1
1
6
1
1
6
4
2
1
2
2
9
4
5
1
7
4
2
2
1
5
7
4
5
7
9
2
2
2
1
1
4
2
7
5
7
8
1
8
2
2
1
1
7
1
5
1
2
2
2
2
2
1
20
3
3
1
15
21
9
2
2
17
1
2
3
2
1
2
9
2
15
17
1
1
1
3
2
6
3
2
6
3
8
3
1
1
2
2
1
1
4
1
1
2
1
1
8
3
1
1
2
2
1
1
4
1
1
2
1
1
1
1
15
13
6
15
1
1
1
1
1
34
2
1
41
1
3
1
1
1
28
10
2
1
2
1
1
32
1
1
13
41
1
61
13
3
1
1
1
1
28
10
6
2
13
10
31
10
4
8
2
8
30
37
22
9
1
7
1
8
18
1
4
12
11
4
7
36
8
22
6
31
8
9
6
2
8
1
1
18
1
1
12
9
4
9
1
56
57
12
4
11
12
11
11
34
34
1
11
5
5
1
1
1
1
10
1
1
1
2
1
4
7
4
2
4
2
2
2
2
3
37
37
13
14
9
4
26
4
12
5
14
13
8
3
39
3
4
12
5
3
7
10
7
7
4
26
10
37
7
8
8
4
13
4
13
5
10
5
12
5
10
25
25
4
4
5
12
1
1
1
1
15
8
6
12
7
12
3
11
7
3
14
8
11
6
11
5
57
10
2
5
15
2
1
1
2
1
8
2
2
57
2
1
1
1
1
1
11
48
8
11
48
5
15
1
5
1
2
2
3
3
4
4
10
10
2
3
5
23
2
3
2
2
3
7
4
3
7
4
3
3
5
23
4
5
4
20
20
2
3
4
4
2
3
5
2
7
2
7
6
7
3
8
6
2
8
3
2
6
3
6
9
8
3
6
9
8
18
18
3
3
2
2
1
1
3
2
1
3
3
2
1
6
3
2
1
7
3
2
2
1
3
2
1
3
2
1
1
1
2
1
2
2
3
2
5
4
7
7
2
2
2
2
5
4
7
8
11
9
18
2
10
11
2
2
11
5
2
14
5
3
9
2
4
9
4
9
9
9
4
6
7
1
7
6
8
7
4
7
3
3
5
6
13
11
6
5
4
2
10
3
2
4
9
4
7
4
13
6
5
4
4
4
8
14
4
9
3
4
3
4
3
8
15
1
4
9
9
3
18
2
14
6
2
2
2
2
34
3
8
3
9
3
4
9
7
4
1
1
4
8
4
3
3
2
4
3
3
9
3
3
5
2
1
4
7
5
2
2
4
2
35
1
3
8
3
3
3
1
3
4
4
7
1
7
1
6
7
7
6
6
3
1
3
1
23
10
15
23
10
15
1
5
2
7
3
7
1
5
7
3
7
2
9
5
1
13
6
7
10
2
2
9
5
1
10
1
1
1
2
1
2
1
1
13
6
1
7
13
2
1
1
1
1
1
13
1
1
4
2
7
1
7
1
1
1
6
7
13
13
2
2
2
2
4
1
20
2
2
4
1
20
1
3
1
4
1
3
1
1
1
1
2
1
2
1
1
1
1
2
1
1
1
1
2
1
2
1
1
1
1
2
1
4
1
2
5
1
2
2
1
18
1
1
1
2
3
2
4
2
1
1
1
1
1
3
3
1
4
2
2
2
2
2
2
4
18
3
4
1
5
1
2
4
1
2
2
3
4
1
1
2
3
3
2
1
1
1
2
3
1
4
2
1
2
1
1
1
1
1
1
2
1
2
2
2
6
2
2
1
2
1
3
3
3
2
3
2
1
2
1
3
3
3
2
2
3
2
6
17
9
3
2
6
2
3
3
2
6
8
4
2
7
6
4
2
3
4
3
2
17
7
3
1
6
1
3
1
6
3
1
3
6
35
7
2
5
1
11
15
11
1
10
6
2
1
5
2
17
6
1
14
10
5
2
17
7
35
7
1
1
3
1
1
3
1
1
1
1
5
3
4
6
6
4
30
26
9
17
9
17
6
21
14
6
30
22
14
26
13
1
4
3
7
3
13
7
20
42
17
24
9
20
28
21
17
3
22
9
6
21
4
12
12
10
9
7
8
9
9
7
7
1
2
1
5
2
1
4
1
1
2
4
3
6
6
4
1
1
1
8
8
4
4
1
3
6
1
4
1
4
2
2
2
2
1
5
2
1
4
2
1
1
1
1
1
1
1
2
1
1
1
1
5
3
2
3
1
1
2
1
2
2
1
2
2
1
1
1
1
1
1
1
1
1
2
2
2
2
1
3
3
2
1
3
1
15
3
2
1
1
2
3
2
4
3
3
1
2
2
3
1
2
4
3
2
15
3
1
1
2
4
1
3
1
3
2
2
2
1
1
3
2
3
2
3
3
28
28
1
1
2
3
14
2
3
4
1
2
1
2
2
1
2
4
2
6
3
2
1
2
4
6
2
2
2
4
3
2
1
2
14
1
1
1
9
9
2
1
2
1
43
45
48
49
3
2
1
11
21
20
5
2
1
2
2
1
2
2
1
3
4
3
3
1
12
1
1
1
1
3
4
3
3
1
20
19
6
6
4
4
1
18
10
4
8
11
15
1
6
4
4
9
1
1
1
3
1
6
83
61
47
85
38
21
17
8
50
31
3
49
4
19
9
26
1
4
3
3
5
16
10
9
1
11
3
9
5
10
50
83
4
3
3
5
62
3
4
3
49
6
3
5
47
2
19
4
5
3
3
85
6
10
38
31
2
4
3
2
5
3
21
4
16
11
17
3
1
6
4
3
5
2
3
26
2
8
2
2
5
5
12
17
1
1
3
3
1
12
17
1
5
8
8
8
4
6
5
9
8
9
3
6
1
1
17
31
32
32
1
3
5
2
1
3
2
5
1
2
2
4
1
18
5
31
2
1
3
5
1
1
2
2
1
2
2
4
3
3
6
6
3
3
5
5
3
5
5
3
9
8
1
2
9
2
2
1
11
5
3
8
8
2
2
2
4
2
3
4
2
1
3
2
9
2
1
5
3
2
6
2
2
2
2
2
6
2
2
11
1
5
6
2
4
2
4
4
6
3
2
2
2
1
5
3
2
2
3
3
8
8
5
1
5
1
1
1
1
9
2
1
8
9
5
2
3
2
5
2
2
7
1
5
2
2
2
2
5
9
3
2
3
2
3
7
4
2
2
1
1
2
4
7
1
3
1
2
2
1
2
2
9
1
2
2
2
3
2
2
2
2
5
2
1
2
3
1
2
1
2
1
1
1
1
1
1
1
1
2
2
2
8
1
1
1
2
1
2
1
5
7
1
1
2
1
1
1
1
1
2
2
1
2
2
3
4
3
4
2
1
2
1
3
1
1
1
1
1
1
1
3
1
1
1
1
1
1
1
1
1
1
1
1
1
1
1
1
1
1
1
1
1
1
1
1
1
1
2
2
9
1
1
1
1
9
1
1
1
1
4
4
4
3
2
2
4
3
3
3
4
3
4
4
2
2
1
1
3
2
3
1
3
3
2
1
3
1
3
1
1
1
1
1
1
1
1
1
1
1
1
1
2
2
2
2
3
3
7
4
7
9
15
2
2
2
2
2
2
3
6
3
2
2
5
1
12
1
1
2
12
1
1
1
2
2
2
3
8
4
1
1
8
4
10
2
1
1
1
2
1
1
1
1
4
10
1
1
1
1
1
2
2
1
5
4
2
3
2
4
2
3
4
1
2
1
3
1
2
2
2
1
1
3
1
2
4
2
2
2
2
1
1
1
1
19
1
1
7
1
1
1
3
2
2
1
1
7
2
1
1
4
5
15
3
4
5
4
1
10
3
1
4
1
1
15
8
8
10
1
2
1
2
2
2
7
8
2
2
5
4
4
2
2
4
1
1
1
1
1
1
1
1
1
2
2
2
2
1
2
2
2
1
1
1
2
1
2
2
7
7
3
3
1
2
2
1
1
1
3
3
2
3
2
3
5
6
2
3
4
3
6
2
6
5
3
4
3
6
2
2
2
2
5
5
2
1
2
1
1
2
1
2
1
1
2
4
1
3
3
4
5
5
5
2
3
3
3
4
5
2
3
2
5
5
2
1
3
4
3
2
1
1
1
2
1
3
2
1
2
3
1
1
1
1
1
1
2
1
3
1
1
1
1
1
1
1
1
1
1
6
2
2
5
3
3
2
3
3
3
4
8
14
3
3
3
3
3
6
1
16
2
2
2
2
2
1
1
2
2
1
1
1
1
1
1
1
1
1
1
1
1
2
2
3
2
2
2
2
2
2
1
2
2
1
2
1
1
1
1
1
1
1
1
5
5
3
3
2
1
2
2
2
1
2
2
2
1
2
2
2
1
2
2
40
1
40
1
1
1
7
6
4
4
7
6
2
2
3
6
7
2
3
3
3
3
1
1
2
1
1
1
1
2
1
1
1
1
1
2
1
1
1
2
1
1
1
1
1
6
1
13
29
27
15
15
16
16
2
3
1
5
1
4
1
2
3
2
3
2
2
2
4
3
2
2
1
2
1
1
2
1
2
1
1
2
3
1
1
1
1
1
1
1
1
1
1
1
1
3
3
18
2
1
1
1
2
2
2
2
1
1
2
2
1
3
2
1
2
2
2
1
3
1
2
3
1
2
1
2
1
3
6
4
5
4
3
5
2
2
3
2
2
4
3
3
3
3
2
2
6
3
1
4
1
7
7
2
6
2
1
3
1
2
1
2
1
1
2
2
1
3
1
2
6
2
1
2
2
2
1
2
1
3
3
1
1
4
4
2
2
2
1
1
1
2
1
1
1
1
1
1
1
2
1
2
2
2
2
1
2
1
1
1
2
1
2
1
1
1
2
4
2
2
2
3
2
2
1
5
2
2
10
3
2
5
2
2
3
1
2
2
3
2
2
4
3
2
2
3
2
3
3
3
3
1
9
5
2
2
2
3
3
10
1
1
1
1
2
5
1
1
3
3
2
1
9
1
1
1
1
3
2
2
2
2
2
1
1
2
1
1
1
1
1
1
1
1
1
1
1
1
1
1
1
1
2
1
2
1
2
2
3
2
1
2
2
1
3
3
1
1
2
1
1
1
9
9
3
3
4
5
1
3
1
3
1
1
1
5
1
1
5
1
1
1
3
2
4
1
1
3
3
4
5
2
3
3
2
1
1
2
2
3
3
2
2
1
2
3
1
2
1
2
1
4
1
2
1
3
1
3
1
3
3
3
4
1
2
2
1
1
1
3
3
1
1
2
5
2
3
3
1
3
1
3
2
1
1
1
1
2
1
1
1
1
1
4
4
4
3
3
5
5
3
3
4
4
9
9
1
1
1
1
1
1
1
1
1
2
1
1
1
2
3
2
3
1
1
2
1
1
1
4
4
2
4
3
2
3
3
3
3
2
2
2
3
3
2
1
3
3
3
2
2
3
2
1
2
4
5
8
4
3
3
5
3
2
1
3
8
3
2
4
3
2
2
3
2
1
3
3
3
2
2
4
3
1
1
1
2
1
1
1
2
1
1
1
1
4
1
1
1
1
1
4
1
3
3
3
2
1
2
2
2
1
3
5
2
1
1
1
3
3
2
1
2
2
1
2
3
6
1
2
1
2
1
1
1
1
2
1
1
1
2
1
1
1
1
1
1
1
1
1
1
1
1
1
1
1
1
1
1
3
1
1
1
1
3
1
3
2
2
1
3
2
2
2
2
2
2
2
2
1
1
1
1
1
1
1
1
2
2
2
2
2
2
4
2
2
9
2
3
3
2
2
2
2
1
1
2
2
2
2
2
1
4
2
1
3
2
2
2
9
2
2
3
2
2
2
4
4
2
1
2
1
2
4
5
4
2
4
5
4
1
1
2
1
2
1
1
1
2
1
1
1
1
1
1
8
5
1
1
7
1
3
2
3
2
6
1
2
1
2
1
1
3
3
1
2
5
3
2
1
4
2
4
1
1
1
5
1
2
1
2
2
1
1
2
1
2
1
1
2
2
2
2
3
1
5
1
1
5
1
1
1
1
1
3
1
1
2
2
1
2
1
1
2
1
2
2
4
4
4
1
2
1
4
1
2
1
2
2
2
2
5
5
3
2
8
2
1
8
1
1
1
1
1
2
1
1
1
1
1
1
1
1
1
1
3
2
3
2
2
2
10
1
1
5
3
4
2
4
2
11
1
4
1
5
3
4
6
3
2
2
4
2
3
2
6
3
1
1
1
1
1
1
6
1
3
2
4
1
1
1
1
1
1
6
2
1
3
3
1
3
3
1
2
1
1
2
1
1
1
1
1
3
2
1
2
3
2
1
1
1
1
2
4
4
2
1
2
2
1
1
6
2
2
2
2
6
2
1
2
1
1
1
1
3
2
2
3
3
3
3
4
2
3
1
4
2
2
2
1
2
2
2
2
2
2
1
1
1
2
1
2
2
2
3
2
2
1
1
1
2
3
2
1
1
1
12
12
8
8
1
1
2
1
1
2
1
1
1
2
2
1
2
1
1
1
2
2
2
1
2
1
3
1
2
1
1
1
1
1
1
1
1
1
3
1
1
1
1
1
3
1
1
1
3
1
1
2
3
3
3
1
3
1
2
6
4
4
2
2
9
2
8
1
1
3
1
2
1
2
1
1
2
1
3
1
2
1
2
1
2
1
1
2
1
3
2
2
2
2
2
2
2
2
2
3
1
2
1
2
2
2
1
1
2
1
1
1
1
1
1
2
1
1
2
1
1
2
2
2
1
1
2
1
1
2
2
2
3
3
3
2
1
1
2
2
1
1
1
1
1
1
1
1
1
2
1
3
1
1
2
1
1
1
1
2
2
1
1
1
2
2
2
1
1
3
2
1
3
1
1
2
1
1
2
2
2
2
2
2
2
2
2
2
3
3
1
1
1
1
1
1
2
2
1
1
1
1
1
1
1
1
1
1
1
1
2
2
1
1
1
1
1
1
1
1
1
1
1
2
2
1
3
3
2
2
2
2
1
3
1
1
2
3
2
2
3
1
1
2
1
2
1
3
2
2
2
1
1
1
1
1
2
2
2
3
4
4
3
3
1
1
7
4
3
3
5
6
3
2
1
2
1
1
4
5
1
1
1
1
3
1
4
2
4
4
3
1
2
1
2
1
2
3
2
2
2
4
5
1
1
2
2
2
2
1
3
1
3
3
3
3
2
2
1
2
2
2
2
1
2
1
2
2
1
1
1
2
1
1
2
2
2
2
1
1
1
2
2
1
1
2
2
1
1
1
1
1
1
1
1
2
2
1
1
1
1
1
1
1
1
1
1
1
1
1
2
2
2
2
2
3
3
1
1
3
3
1
1
1
1
1
1
9
3
3
7
3
5
3
4
4
1
4
5
4
5
3
5
5
5
4
3
4
1
2
3
3
4
3
2
5
2
7
2
2
4
3
1
3
5
5
3
4
3
1
1
2
3
2
1
3
2
1
4
4
2
4
3
3
7
4
2
4
2
2
2
2
2
2
2
1
1
2
1
1
4
2
4
2
1
1
2
2
4
4
2
3
1
3
2
1
4
4
3
5
2
2
2
3
3
2
1
2
2
2
3
2
2
2
1
1
5
2
2
3
4
2
2
1
2
1
2
2
2
3
1
1
1
6
5
1
1
1
1
1
1
2
2
1
1
1
1
1
1
2
2
5
1
5
1
1
1
2
1
2
2
3
4
6
3
2
2
4
6
2
3
2
3
2
2
1
2
2
2
1
1
1
1
1
1
1
1
1
1
1
1
1
1
1
1
1
1
1
1
1
1
1
1
2
2
2
1
2
1
1
1
1
1
1
1
1
1
1
1
1
1
1
1
1
1
1
1
1
1
1
1
4
1
1
1
2
1
4
2
2
1
1
2
2
1
2
2
2
1
1
2
1
3
2
3
2
2
2
2
1
2
2
1
1
1
2
1
2
1
