16904
396961
33362
396748
208059
397207
52458
33653
265198
33823
3356
9267
396739
263129
13830
264279
37645
42337
136908
34553
10021
44034
10515
211940
33660
14840
264014
137707
20172
264359
28171
2495
396591
396543
48325
7843
21219
28245
328582
559
23674
7721
7885
266968
34428
22742
23955
270928
8111
34968
14282
269292
2549
199177
138529
265684
267346
396563
28362
2552
207590
269347
87
211946
11556
53061
12926
20214
63961
142553
52210
2516
396610
8220
396554
211562
42473
268352
22122
36925
43541
207176
396726
268235
396664
262907
271760
50957
396729
15706
396737
267523
37181
14041
15954
51918
62532
4764
37100
61595
262546
50926
33489
396547
265066
265055
21700
16191
62416
50069
11714
207594
397202
58895
30992
396542
38254
2708
3326
136734
134146
138794
137
36617
21976
208135
40916
553
36627
263565
209638
396704
328825
45843
396579
205788
36138
328748
6057
208563
396560
36619
396564
262300
12735
267733
1916
19704
15605
45474
396578
3701
1025
272554
27664
396557
267012
64199
55038
40717
61796
33668
267520
268349
26415
28479
197301
33764
204773
262988
29422
269104
200182
25376
5511
16973
10796
4777
269566
33652
36914
265347
8075
52871
268818
36621
265724
29680
264750
396675
45437
266261
262612
33763
270078
149953
61588
265279
33490
14860
37420
266164
28130
268876
28352
134478
264608
212635
36850
11131
396540
211390
29580
41018
31472
48362
328970
264300
23764
28000
200242
55805
268210
20431
12306
11808
36618
262459
33651
199993
59678
12761
396605
19836
52545
396826
263903
14263
266044
61802
263053
557
160
7684
271915
11955
47481
24440
397210
212276
396585
397199
266303
59715
49375
9484
396614
28294
34758
53236
262891
61895
55392
701
20570
41692
396644
955
396561
11525
5617
52392
396549
397200
11546
28359
59128
31742
264354
267396
267562
63996
212425
50599
202365
136530
36626
37697
3292
39651
41497
10448
396606
207936
101
266248
26134
396694
396639
199591
328512
267263
3265
2907
38193
3267
30985
269194
53047
263444
208972
263047
26677
396574
10972
39650
265461
263462
267440
28263
1403
22689
30060
25887
397196
262328
11025
7896
28666
269424
1103
14325
39753
59441
396681
207574
4826
23688
33656
33655
52275
1140
266400
328381
5607
209102
31214
131621
270694
48284
38634
33185
62129
399580
27820
396556
396721
264426
37301
29625
262492
64063
264509
211358
7859
15169
63932
44684
262369
58069
8280
262565
15699
56791
49419
262720
263929
264513
63991
45766
8052
48070
150487
271
200536
58599
396608
41175
150000
14361
44219
26806
270045
25249
28299
48283
57286
396642
1853
6736
33189
264457
8315
200160
328266
8737
27903
28154
88
202952
269956
262908
12414
43404
137080
205603
264478
262493
396602
396567
4538
207149
266551
266129
263982
27198
10214
4323
31712
48571
24592
140973
11427
25485
52604
53062
39120
10320
20562
33664
29695
22431
52941
268638
203786
8717
207420
13367
4600
396701
34225
53059
138482
265919
32931
36631
205322
7016
33491
11426
22909
263327
53167
16796
270577
396583
396551
266260
263360
53006
7575
4134
64213
3456
34347
376
8769
61577
264242
15296
263649
327687
20130
268207
205531
56958
12897
3974
28145
36912
46019
396746
22258
16094
21659
11840
263661
41666
61583
57695
396566
396577
205668
20080
266448
396588
50058
136943
14525
205891
47956
28126
23944
51859
269657
266979
28423
5408
55688
263959
3676
141680
2153
174
8893
31746
265098
263442
142582
1221
61748
396609
27364
60475
7342
52694
24514
269433
396714
17359
61785
34687
396450
268589
265019
53169
262518
396747
269832
52873
50776
28107
57630
21412
111
36630
208323
29283
2602
268218
262760
396688
396736
30848
271383
60011
43289
25472
213326
207960
237
4901
265097
7642
47638
7660
141073
267361
396565
211380
16921
12716
61604
53152
6461
11920
262657
13041
1003
43415
32651
397193
7782
11399
264293
30983
327764
397211
4809
396690
36955
396682
28002
21709
263086
33287
23028
53181
3677
4787
266525
393990
27750
267916
396686
33659
264459
397205
5539
8560
52245
136308
267113
210320
263616
55028
20928
142289
37282
52818
263461
36732
140072
28311
36625
7438
43754
20001
28212
27796
396615
1213
396761
22547
396654
328578
3663
39970
37721
36620
270812
56457
33665
9370
29611
20857
55016
10965
3280
55391
139009
39040
62166
203201
263732
328271
212389
135375
27841
2518
265141
199354
18126
396587
52428
20115
34878
37271
52866
198644
27544
266413
49975
398866
19115
36944
62538
12687
59370
11351
2152
396625
397194
396611
131935
33662
57829
269037
138038
52398
397195
3303
1299
267322
2614
263338
204844
47787
22548
209301
51514
29067
396573
197540
264201
328594
1741
33986
267668
38013
15576
12637
48252
11242
62075
266372
36623
33661
7922
132021
140443
12271
766
3242
21313
262149
63927
396576
396616
52999
264479
396666
36678
10075
28022
18786
198947
400735
31549
209844
47147
32035
61161
396596
7015
263750
20965
11164
264237
396745
28283
268101
203236
2613
28634
6830
208431
265950
266266
45796
44530
27553
262363
15692
62206
12779
211604
263624
37119
33657
12859
397198
202032
22898
2381
395089
28128
28005
204680
211224
2603
9002
393713
329121
7860
29470
397203
269053
396555
270370
266387
21574
3754
9201
136168
61438
204508
7773
329101
37125
44244
25460
63771
4608
48294
267086
212934
139328
21320
28001
28186
8265
396689
2497
11650
264429
37002
10838
269159
37177
265986
263018
53046
61951
14877
103
140731
36628
42360
12570
11039
135327
57578
270890
36289
51410
2110
327849
137952
9443
60614
208976
45033
20362
49373
61461
396550
135371
133815
22356
328341
38740
266312
25581
10881
208808
211622
49640
264552
52980
396715
56246
262494
37670
49409
262977
10886
36624
396558
286
60501
48292
266167
21508
14065
396828
5050
268013
56911
27446
271927
52771
611
262983
271541
262645
52470
197709
26
60900
397209
397201
262391
13124
61449
45679
396600
53096
262691
198090
35297
264084
395262
37989
29966
33654
53049
264971
7497
396544
396545
328259
266309
59766
4181
49509
262880
28264
12387
41327
267490
263098
29465
264244
132960
269661
50520
38022
53231
2515
203223
17563
203099
262212
397204
271175
25787
396595
397142
8767
37159
24961
396735
50530
328549
397212
137412
11537
200370
30165
92
266013
212279
266388
53176
61709
63526
396756
38712
48918
15879
15404
264645
61888
1653
3333
58299
2914
36616
266136
262968
202776
16838
327733
61609
396546
396575
5615
60524
11260
262896
396559
268342
16010
265811
28305
59645
52468
36890
45736
328014
265779
263032
396707
199081
271566
25818
267563
396599
24572
7725
28929
396584
396572
15617
37678
142419
16787
147120
32167
27839
266280
8426
37457
269253
7850
61468
265093
263142
136039
40647
264212
36622
52592
272220
53045
197580
41732
397208
396955
36374
266152
33666
63774
328073
396571
42388
1241
3549
397206
10961
8672
267460
13343
263759
50297
396568
400442
396541
265867
278
397197
396569
34868
265016
52892
199839
50242
33667
266453
28140
3320
263495
396570
47950
209557
399214
41495
396586
293
266287
16735
266998
19157
268508
9371
680
26619
1136
262293
50265
265662
210122
36375
48544
141767
263653
262427
55915
9541
36629
202870
21058
262393
19782
267831
63980
27928
396617
53135
2572
6509
262888
267765
199118
265623
53225
48579
136419
35141
267408
49432
269909
40138
28169
3491
5078
45650
266289
57187
266357
35710
42861
16814
268377
211369
394989
267654
268674
13436
27640
262448
396699
33650
396659
213045
262785
3807
6752
141717
4658
29403
36632
396613
36733
266039
18809
8283
213151
35457
399445
5503
203423
138042
38158
38794
4007
396658
266224
204793
269497
24725
263057
328677
36915
203314
24785
265487
327700
265209
396653
28007
271310
50300
59105
