(0, 0)
(0, 1)
(0, 2)
(0, 3)
(0, 4)
(0, 5)
(0, 6)
(0, 7)
(0, 8)
(0, 9)
(1, 0)
(1, 1)
(1, 2)
(1, 3)
(1, 4)
(1, 5)
(1, 6)
(1, 7)
(1, 8)
(1, 9)
(2, 0)
(2, 1)
(2, 2)
(2, 3)
(2, 4)
(2, 5)
(2, 6)
(2, 7)
(2, 8)
(2, 9)
(3, 0)
(3, 1)
(3, 2)
(3, 3)
(3, 4)
(3, 5)
(3, 6)
(3, 7)
(3, 8)
(3, 9)
(4, 0)
(4, 1)
(4, 2)
(4, 3)
(4, 4)
(4, 5)
(4, 6)
(4, 7)
(4, 8)
(4, 9)
(5, 0)
(5, 1)
(5, 2)
(5, 3)
(5, 4)
(5, 5)
(5, 6)
(5, 7)
(5, 8)
(5, 9)
(6, 0)
(6, 1)
(6, 2)
(6, 3)
(6, 4)
(6, 5)
(6, 6)
(6, 7)
(6, 8)
(6, 9)
(7, 0)
(7, 1)
(7, 2)
(7, 3)
(7, 4)
(7, 5)
(7, 6)
(7, 7)
(7, 8)
(7, 9)
(8, 0)
(8, 1)
(8, 2)
(8, 3)
(8, 4)
(8, 5)
(8, 6)
(8, 7)
(8, 8)
(8, 9)
(9, 0)
(9, 1)
(9, 2)
(9, 3)
(9, 4)
(9, 5)
(9, 6)
(9, 7)
(9, 8)
(9, 9)
101
102
104
105
107
108
109
111
112
114
116
117
118
119
121
122
123
125
126
127
129
130
131
132
134
135
137
139
140
142
144
145
147
148
150
152
153
155
157
158
159
161
163
164
165
167
168
169
170
172
173
174
176
178
179
180
182
183
184
185
187
189
190
191
192
194
196
197
198
199
201
202
203
205
206
208
209
210
211
213
214
215
217
218
219
220
222
223
224
225
227
228
229
230
232
234
235
236
238
239
240
241
243
244
245
247
248
249
250
252
253
254
256
257
259
260
262
264
265
266
268
269
270
272
274
276
278
279
280
281
283
284
285
286
288
289
291
293
295
296
297
298
300
301
303
304
305
307
308
309
310
312
314
315
316
317
319
320
321
322
324
325
327
328
329
331
332
333
334
336
338
339
341
342
343
344
346
348
350
351
352
354
355
356
357
359
361
362
363
365
366
368
369
370
371
373
375
376
377
379
380
381
382
384
385
386
387
389
390
392
393
395
396
398
400
401
402
403
405
406
408
409
411
412
414
416
417
418
420
421
423
425
426
428
429
431
432
433
434
436
437
438
439
441
443
444
445
447
448
450
451
452
453
455
457
458
459
461
462
463
465
467
468
470
471
473
474
475
477
479
480
482
483
484
486
487
488
489
491
492
494
495
497
498
500
502
504
506
507
509
510
511
513
514
516
517
518
520
521
523
524
526
527
529
531
533
534
535
536
538
539
541
542
543
544
546
547
548
549
551
553
554
555
556
558
559
560
562
563
564
565
567
568
569
571
572
574
576
577
579
580
582
583
584
585
587
588
589
590
592
593
594
596
598
599
600
602
604
605
606
608
609
610
612
614
615
617
618
619
621
623
624
625
627
629
630
631
632
634
635
636
637
639
641
643
644
645
647
648
649
650
652
653
654
656
657
659
661
662
663
664
666
667
669
671
672
673
675
676
677
679
681
682
683
685
687
689
690
691
692
694
696
697
698
699
701
702
703
704
706
707
709
710
712
713
715
716
717
