52892
52866
61449
34225
396595
63927
7721
203201
393713
35141
263661
21659
21058
263616
327764
31712
28126
213151
269566
55915
400735
211369
3754
5408
265623
203236
52999
9002
36628
263057
270812
52210
45033
266152
211380
6057
36914
28359
34687
3701
39650
25581
23955
263442
49409
36732
396599
131935
136168
53169
396563
2495
140973
265093
207176
396642
53225
3549
33655
23028
265097
211622
33650
265986
28002
36616
48283
39970
13041
271760
266136
20431
396584
136039
200370
396747
63771
50265
29422
397211
211224
10214
12779
41018
264293
36619
4777
33651
265950
396577
53167
328512
33657
36632
396737
396609
59105
327849
4134
262391
62416
50520
136308
398866
396639
2381
53135
27796
33362
266388
21412
266260
262212
87
396543
135371
34878
35457
11260
271566
57630
50957
266453
396654
60614
17563
211940
13830
37177
63980
12387
52458
264426
396955
396828
33665
36627
132021
38794
22909
267765
138482
49419
138529
14325
7016
262657
7342
397203
396540
41497
264300
328970
11808
396570
270370
269909
397205
396569
396714
12271
36626
2110
142419
263565
394989
27928
396701
15699
31742
200242
265016
396745
557
34553
286
40916
266968
55392
22122
46019
263360
263732
199081
11840
271927
20130
396549
59766
24592
266400
59441
270890
53062
38022
137707
265198
36631
38158
43415
9484
8767
92
28130
397210
269956
267012
265019
28479
37670
14525
30848
16787
28212
33660
263495
204680
48918
266303
14361
7843
265779
56246
23764
11131
268876
262891
62075
36955
38254
202870
37301
103
53046
6509
267322
2907
142289
396739
37181
43289
53152
203423
58069
28666
63961
137080
262977
328271
396608
199177
15879
11920
27664
55028
11427
28305
2708
141717
88
204844
264645
174
237
56457
36375
393990
7015
328748
268349
266312
207149
33763
266039
138042
396610
213045
3676
19836
142553
5617
267113
10796
397195
63526
396729
3677
53047
266044
55805
293
9443
397209
7725
267523
11242
150487
266387
21219
59370
15576
264459
33662
611
45843
28929
137
262393
16191
263982
52245
43404
7684
397207
267408
5539
28352
39120
53059
12859
397198
36925
136908
263624
30992
268342
269053
268013
213326
29580
48325
263462
270694
14065
37678
396550
22548
396615
36915
278
37100
328266
36678
264552
267396
51918
11556
7896
55016
396561
2613
34968
396748
16838
22356
396616
20115
212276
1403
4826
4658
15605
20001
61438
50599
7850
3267
268674
55038
27553
264457
262328
62129
3974
1241
33489
47787
396689
53006
37457
1221
4901
396568
8280
328582
47147
2516
212934
210122
4538
266372
44684
15706
142582
38013
33661
269037
53236
38712
30165
205668
29611
42360
33654
272554
272220
396666
28140
24785
33659
47481
31746
38740
33189
35710
60475
207936
396625
5503
8265
266525
41666
41327
397206
397208
328825
207960
269832
203223
37002
33185
271
37645
395089
20362
396721
268207
197301
47638
19115
137412
396613
1653
12761
328594
150000
18786
264014
61588
9267
19782
37420
397196
62532
202365
136530
264354
262493
200160
329121
266280
198947
266013
396546
267668
268352
15296
396756
1136
1103
3491
134146
50297
3280
267086
141073
328341
13367
14860
45736
21976
10972
26
27446
328259
10448
139328
20570
200536
37697
24514
40647
26806
28000
264084
101
4007
203099
31472
209301
266129
36890
2518
24572
10515
262907
268589
61595
34347
262427
328014
265867
1853
11039
7660
202776
33764
48579
6736
14840
328549
2549
264608
61461
266448
49373
7575
27820
25472
7782
265055
30985
3242
202032
37989
22742
136734
262612
265919
38634
28362
28294
52771
8075
19704
263047
56958
209844
8315
396560
680
31214
52604
262983
5607
396554
396596
396545
262968
268235
264237
33823
36733
13124
264478
396961
396726
42473
48362
21320
26677
2602
52592
24725
135327
197580
262565
268101
8052
204773
14263
16814
140731
60011
397199
265724
9371
36621
24961
31549
207574
268508
45796
64213
269657
28263
15617
27903
58895
34758
21313
34868
12306
28169
52545
205603
52392
2152
55391
8769
27544
263444
396614
33666
265279
42337
11714
271915
15954
268818
16094
17359
265662
36138
396544
140443
269497
37119
16904
396566
396606
15692
399445
263129
264750
262492
30983
36625
267831
263759
262908
44034
45679
327687
270045
141767
22258
265209
397194
52871
36374
15404
205531
396591
52428
329101
61609
32651
396557
42861
63932
10881
59128
28007
28283
3320
64063
396576
29403
396664
199591
53231
160
199118
202952
8283
7860
24440
266287
1003
396588
27364
134478
29283
33491
262149
263653
262988
32167
33653
12414
396761
137952
48070
138038
267490
396556
12735
268638
33490
25249
40717
32931
271383
396675
266224
265141
211562
36617
4809
61888
327700
396704
47956
396551
396542
266248
271541
396605
22689
207420
61895
208563
396617
12926
209557
396611
269424
61951
270928
396587
61785
28311
269194
36944
36622
61583
267520
396450
52275
264279
28145
36624
955
52694
397201
396585
136419
263649
41175
52873
267440
264359
211946
47950
149953
50242
397204
133815
269292
1025
33986
27198
203786
60900
25787
23674
269253
262546
20928
2515
264244
396682
33652
36618
396658
33667
269433
5615
28299
263098
49432
27841
25887
205891
61161
50300
5050
262448
263086
266309
25485
397202
28022
9370
26415
198644
23688
53181
11650
396572
396559
264201
396571
399580
396541
49375
29067
48294
7859
28186
200182
264509
211390
61604
199839
51859
136943
5511
208976
49509
267460
399214
205322
209102
8893
131621
59715
45437
49975
9541
59678
263142
396586
33287
22431
264242
33664
21700
18126
29465
2572
61796
396826
263338
20857
23944
12897
26619
135375
9201
58599
266979
6830
269159
43754
33668
396659
376
57695
197709
266413
1916
21508
208135
27839
53176
1140
52980
396707
22898
48544
198090
267263
8220
7922
2614
396555
16735
267563
266998
12570
212279
262518
138794
396699
53061
33656
265487
10838
263750
3456
28264
264971
397197
262880
25818
396578
262888
21709
2497
262720
263018
61577
48292
50530
51514
209638
4181
267346
208972
396583
48252
45650
12716
10021
25460
262369
41692
199354
396653
61709
57829
212635
20562
57187
39651
16921
397212
61748
396575
268218
264429
12687
16010
50776
396746
10965
28001
267654
266357
111
59645
212389
61802
11525
396565
50926
28171
60501
212425
263929
396573
7438
11537
34428
44219
327733
55688
262363
264212
263959
63996
37282
396602
270078
266164
57578
20965
3807
395262
396579
43541
10075
63991
265811
271310
11164
4600
271175
36912
210320
265461
36620
553
53049
267733
207590
208808
10886
269347
28128
396736
37271
20214
140072
28005
8560
8426
29470
396600
3356
262300
205788
20080
49640
267916
211358
4608
268377
29680
52470
400442
199993
211604
29625
396681
28154
30060
25376
3265
266551
328073
207594
11399
11426
7642
266261
28245
262494
263327
19157
26134
45766
397142
37125
267361
7773
29966
36623
37159
62206
16796
7497
328677
14282
63774
57286
1299
21574
268210
28107
208431
3663
262760
56911
36630
11025
13343
53045
208059
45474
269104
8737
2552
58299
147120
36850
16973
12637
50069
2603
5078
18809
4323
11351
396735
266266
44244
42388
132960
203314
3303
8717
197540
22547
20172
263053
4787
397200
396694
4764
52468
62538
62166
396644
262293
52818
8672
139009
39040
262691
266289
28634
15169
396686
8111
396690
64199
265066
41495
267562
53096
2914
35297
265684
3292
265347
52398
56791
328578
28423
29695
262785
559
32035
396688
208323
11546
266167
60524
37721
328381
204508
36289
10961
48571
263903
397193
263032
11955
36629
262459
27640
6752
6461
52941
396564
396715
396547
10320
262896
2153
41732
701
396558
27750
262645
264479
1741
141680
396567
396574
204793
270577
51410
766
13436
265098
40138
39753
7885
263461
269661
264513
3326
38193
44530
1213
3333
14041
14877
48284
61468
50058
